2.2996070551778023
2.3079214131108112
2.2831004937540142
2.2514648356557116
2.260403796567328
2.2831554891936516
2.232198621981677
2.257041213699975
2.29882170224511
2.295363364718041
2.278535930890002
2.2279617570213515
2.291631648454613
2.268575393337823
2.2355049017420696
2.2858801929256782
2.2418127926751947
2.248505851947467
2.2368747106322355
2.24883374674056
2.242199834187472
2.253391941957314
2.2562279502022853
2.2678358251040995
2.231524420252786
2.2315750558501835
2.270842555142004
2.219493593960605
2.2177134724754324
2.2923228112071836
2.2357857124698697
2.2338759467034124
2.229151742587983
2.248056101548241
2.218728037103407
2.225528097337557
2.2487060124681055
2.238050551809151
2.2196228231917563
2.215456581086788
2.223656243287861
2.2374670356808224
2.227110593480185
2.243697174234933
2.2715004747135894
2.246476567307123
2.2299304850690906
2.277954176649487
2.2943128105742323
2.252483278667772
2.2364131136645917
2.2341107371912936
2.290240346193316
2.2459995486329802
2.2926303607615752
2.255573872957305
2.260363560569822
2.2536782725924756
2.2294351406345494
2.22921918071179
2.2403091957469816
2.21587127583298
2.253324819271608
2.2781991752953856
2.2408073703046156
2.2703947243496425
2.2375224596597207
2.2729836454683268
2.2495282262625045
2.217070638419738
2.241164607066851
2.265874729309491
2.240672779403967
2.225778685671121
2.2590687805515803
2.2037701283750066
2.248695730898096
2.2258256319916487
2.252380986190244
2.2194170968488356
2.2857612084288386
2.2344107694095596
2.26968424853617
2.222396568469264
2.2169120049619244
2.2487317453169373
2.2378937684373055
2.1866892540407723
2.2526575971295135
2.212002133357683
2.211478035806375
2.2225431527623143
2.2577926889437907
2.2346292336410585
2.1872742189534717
2.223316429811391
2.2103565332522606
2.2207237265483704
2.2394496445614425
2.2521617523001556
2.25794916440032
2.2397823565301396
2.2135337088153535
2.2101999864589894
2.247063845346095
2.2453431362121905
2.229190795952016
2.22254423967485
2.2660581394443926
2.2500355085764916
2.231549002893937
2.2500805352901567
2.2493240034386908
2.233253127402751
2.191200239120758
2.2141706434522206
2.2358583462431216
2.191115841270302
2.2675966086253645
2.256747288685007
2.2220225268459615
2.2969752316239145
2.229366990440358
2.2486209435334668
2.2052681389878384
2.18945655618378
2.2320347700466625
2.232183584196551
2.220545506874787
2.214692305956281
2.252947745966491
2.2414322837926033
2.2434059268121347
2.226805406079862
2.287398579387158
2.272689253003147
2.1951641663354913
2.2289119305123064
2.2260423971116663
2.281355843231414
2.2583394448600713
2.204786378625333
2.218100453805439
2.2322437641311597
2.234236438755721
2.242476537734802
2.215988488843971
2.2509559621432773
2.232205761103369
2.306198686314448
2.224858053632778
2.2552592745546254
2.2362695475642265
2.2361364108954813
2.2489513875125944
2.2613627647111922
2.208778386575618
2.2282331842438667
2.2333139065659897
2.225826498408802
2.2461639396143562
2.2489115567077813
2.273555633838622
2.2339809647632816
2.238878324421861
2.2376592350211
2.256906103467847
2.2535902796296505
2.217383407488957
2.239814627715595
2.2324044728396384
2.258058982774382
2.208900961256108
2.2246892638982128
2.227284449161028
2.204209870359091
2.2119920541246127
2.27780161589393
2.2267611207494977
2.1896961635878593
2.2387197498492846
2.2476626371351585
2.2347039452590383
2.235816697778133
2.2846988878731693
2.198781016177617
2.218793546281722
2.225773382627454
2.2280013694060323
2.232326193865766
2.2790333267098246
2.2523711580625045
2.221160527902264
2.250767814989328
2.2218251980048542
2.226763117400043
2.2347061997594784
2.2373723658583913
2.2166516735858983
2.285221964919963
2.213841276009376
2.2303481064375315
2.2476534372895567
2.2558252799772553
2.239922442435141
2.219309429472087
2.2350989222704487
2.2049938761946954
2.280756594887205
2.2665541432898326
2.254827134991943
2.2397768955080166
2.225034300521199
2.2049680756408114
2.1931659980036087
2.228478185483829
2.261237137855789
2.2706550891890855
2.2198292507099957
2.223391985018766
2.2568086004094474
2.2028443227367576
2.247637829069904
2.2475801905391397
2.23977994560768
2.2260739595990198
2.2525125469655167
2.225548778507459
2.252400004306145
2.2426852316861723
2.278696549584483
2.2097327097896837
2.2218049023127633
2.2461597291901647
2.2477084916144308
2.2263051030932646
2.2546040115632966
2.235364102988465
2.262365479398468
2.2384293841486125
2.200415199550916
2.267749380018864
2.227908466140729
2.2193626409743716
2.2199491062933014
2.2270644297885633
2.242048989145401
2.2389425832616507
2.206944599108265
2.206948776587852
2.2181504331048134
2.2389689607352197
2.2071471394226028
2.266178953793506
2.2697469605359957
2.20262885153553
2.2319384120078154
2.2183394189194376
2.2553071005220295
2.2188578328779887
2.24268827374424
2.2262431765758155
2.227905514874878
2.25533935795895
2.2175560818333597
2.2281174848688283
2.196571902247393
2.246993809786675
2.2505094600301536
2.2057339095439743
2.1988701002034783
2.248157671579131
2.25311108479578
2.2365543697515613
2.212617560874884
2.2480969554516315
2.2372764794202578
2.2156768344437654
2.252132707870077
2.22645270996608
2.245939623954203
2.2636515542589852
2.2722356646872233
2.1973199541058315
2.210688610972473
2.253605744916414
2.259287389531813
2.3070016340004917
2.279993108611356
2.2686586970123654
2.2342322955177694
2.292911343216369
2.207786368508486
2.2444272513097427
2.235164745330427
2.210539658559008
2.1711847159863824
2.2587029766357904
2.18997094285901
2.242612238375743
