2.1209041037044263
2.1209041037044263
2.110106730141667
2.110106730141667
2.110106730141667
2.110106730141667
2.110106730141667
2.110106730141667
2.110106730141667
2.110106730141667
2.110106730141667
2.110106730141667
2.110106730141667
2.110106730141667
2.110106730141667
2.110106730141667
2.110106730141667
2.110106730141667
2.110106730141667
2.110106730141667
2.107781048603408
2.0946579935023903
2.0946579935023903
2.0946579935023903
2.0946579935023903
2.0946579935023903
2.0946579935023903
2.0946579935023903
2.0946579935023903
2.0946579935023903
2.0946579935023903
2.0946579935023903
2.0946579935023903
2.0946579935023903
2.0946579935023903
2.0946579935023903
2.0946579935023903
2.0946579935023903
2.0946579935023903
2.0946579935023903
2.0946579935023903
2.0946579935023903
2.082766599670658
2.082766599670658
2.082766599670658
2.082766599670658
2.082766599670658
2.082766599670658
2.082766599670658
2.082766599670658
2.082766599670658
2.082766599670658
2.082766599670658
2.082766599670658
2.082766599670658
2.082766599670658
2.082766599670658
2.082766599670658
2.082766599670658
2.082766599670658
2.082766599670658
2.082766599670658
2.082766599670658
2.082766599670658
2.082766599670658
2.082766599670658
2.082766599670658
2.082766599670658
2.082766599670658
2.082766599670658
2.082766599670658
2.082766599670658
2.082766599670658
2.082766599670658
2.082766599670658
2.082766599670658
2.082766599670658
2.082766599670658
2.082766599670658
2.082766599670658
2.082766599670658
2.082766599670658
2.082766599670658
2.082766599670658
2.057774978495215
2.057774978495215
2.057774978495215
2.057774978495215
2.057774978495215
2.057774978495215
2.057774978495215
2.057774978495215
2.057774978495215
2.057774978495215
2.057774978495215
2.057774978495215
2.057774978495215
2.057774978495215
2.057774978495215
2.057774978495215
2.057774978495215
2.057774978495215
2.057774978495215
2.057774978495215
2.057774978495215
2.057774978495215
2.057774978495215
2.057774978495215
2.057774978495215
2.057774978495215
2.057774978495215
2.057774978495215
2.057774978495215
2.057774978495215
2.057774978495215
2.057774978495215
2.057774978495215
2.057774978495215
2.057774978495215
2.057774978495215
2.057774978495215
2.057774978495215
2.057774978495215
2.057774978495215
2.057774978495215
2.057774978495215
2.057774978495215
2.057774978495215
2.057774978495215
2.057774978495215
2.057774978495215
2.057774978495215
2.057774978495215
2.057774978495215
2.057774978495215
2.057774978495215
2.057774978495215
2.057774978495215
2.057774978495215
2.057774978495215
2.057774978495215
2.057774978495215
2.057774978495215
2.057774978495215
2.057774978495215
2.057774978495215
2.057774978495215
2.057774978495215
2.057774978495215
2.057774978495215
2.057774978495215
2.057774978495215
2.057774978495215
2.057774978495215
2.057774978495215
2.057774978495215
2.057774978495215
2.057774978495215
2.057774978495215
2.057774978495215
2.057774978495215
2.057774978495215
2.057774978495215
2.057774978495215
2.057774978495215
2.057774978495215
2.057774978495215
2.057774978495215
2.057774978495215
2.057774978495215
2.057774978495215
2.057774978495215
2.057774978495215
2.057774978495215
2.057774978495215
2.057774978495215
2.057774978495215
2.057774978495215
2.057774978495215
2.057774978495215
2.057774978495215
2.057774978495215
2.057774978495215
2.057774978495215
2.057774978495215
2.057774978495215
2.057774978495215
2.057774978495215
2.057774978495215
2.057774978495215
2.057774978495215
2.057774978495215
2.057774978495215
2.057774978495215
2.057774978495215
2.057774978495215
2.057774978495215
2.057774978495215
2.057774978495215
2.057774978495215
2.057774978495215
2.057774978495215
2.057774978495215
2.057774978495215
2.057774978495215
2.057774978495215
2.057774978495215
2.057774978495215
2.057774978495215
2.057774978495215
2.057774978495215
2.057774978495215
2.057774978495215
2.057774978495215
2.057774978495215
2.057774978495215
2.057774978495215
2.057774978495215
2.057774978495215
2.057774978495215
2.057774978495215
2.057774978495215
2.057774978495215
2.057774978495215
2.057774978495215
2.057774978495215
2.057774978495215
2.057774978495215
2.057774978495215
2.057774978495215
2.057774978495215
2.057774978495215
2.057774978495215
2.057774978495215
2.057774978495215
2.057774978495215
2.057774978495215
2.057774978495215
2.057774978495215
2.057774978495215
2.057774978495215
2.057774978495215
2.057774978495215
2.057774978495215
2.057774978495215
2.057774978495215
2.057774978495215
2.057774978495215
2.057774978495215
2.057774978495215
2.057774978495215
2.057774978495215
2.057774978495215
2.057774978495215
2.057774978495215
2.057774978495215
2.057774978495215
2.057774978495215
2.057774978495215
2.057774978495215
2.057774978495215
2.057774978495215
2.057774978495215
2.057774978495215
2.057774978495215
2.057774978495215
2.057774978495215
2.057774978495215
2.057774978495215
2.057774978495215
2.057774978495215
2.057774978495215
2.057774978495215
2.057774978495215
2.057774978495215
2.057774978495215
2.057774978495215
2.057774978495215
2.057774978495215
2.057774978495215
2.057774978495215
2.057774978495215
2.057774978495215
2.057774978495215
2.057774978495215
2.057774978495215
2.057774978495215
2.057774978495215
2.057774978495215
2.057774978495215
2.057774978495215
2.057774978495215
2.057774978495215
2.057774978495215
2.057774978495215
2.057774978495215
2.057774978495215
2.057774978495215
2.057774978495215
2.057774978495215
